676052
1280850
248320
609031
420606
337365
274585
787957
228937
572657
602030
1263528
648722
1429599
1457384
1289285
532040
1298488
1022034
376760
61648
1369932
632362
461599
936049
42597
628252
167596
1123597
143112
830499
4600
827563
587699
329843
490098
236507
330267
1070168
556809
110714
784267
1352629
146254
269576
816463
1235200
1268376
386115
900040
1372303
495239
289031
644669
1261503
1249254
519228
246591
852196
993888
1051971
165836
582958
694510
804070
1078302
506415
835173
746591
1187530
908238
1354355
192869
692083
275472
597064
226374
672324
469576
992441
234899
1357368
1001048
1077523
644287
997110
1399789
1235036
1323087
822491
1454030
1259323
198217
1100003
784811
341247
199285
836780
1000848
1445822
1479584
1001157
1454081
313377
970586
329243
971528
275473
586762
545606
341287
1114230
869621
15343
478979
240381
785356
717519
935243
701281
1160015
717475
1214317
297135
526293
64093
505845
1047218
789016
1014247
1237120
1201004
884410
254157
964186
26321
1447170
36731
44370
1298643
1066946
885372
816243
1088637
868638
767980
816814
625102
200570
1017731
53198
1459783
938258
1295792
1096765
358832
1089083
351151
409460
263807
293725
606262
1068072
918591
1377906
1218044
1035265
517155
1287962
758810
108046
507173
791092
1379811
1251429
224993
168775
717385
1247788
113177
579737
6513
334448
738278
271342
386376
339448
162806
209657
597862
305333
967023
1112401
1290845
346896
226700
26981
408347
1080606
1313123
919498
212349
747786
1165276
1063782
481390
151060
754641
1192573
455916
113197
868974
876022
32351
1099088
745019
1061949
1052807
10030
871457
171433
1459698
1172753
1374696
1468248
1169125
1316011
896664
869027
502936
109158
201723
224450
53445
7125
467951
1421031
107373
578293
671686
219256
1076243
1475200
541937
722244
1317441
193328
562915
384590
1144743
77337
1324815
396916
565308
215112
10169
1346230
1348192
843313
1190664
758995
1366020
772491
119081
1174239
470794
475413
251620
89131
1270164
769833
896175
144630
1378394
46907
229379
1256497
630316
597507
138053
405215
585382
970076
931884
865183
1346557
1436401
1312299
492383
955111
1412622
597946
66805
921977
116970
1202022
583512
396060
735558
252166
372282
653179
1069600
109296
1331491
812735
703891
720405
1246714
501177
362484
886206
347042
1224084
810230
860763
445820
1364233
197917
949664
1359759
747684
945922
1277060
952533
769298
48907
1409170
194175
1110076
49575
90462
1286287
133779
389757
77625
999063
634681
1471559
896217
629185
221996
1393371
979780
1445946
369369
1303995
1020956
765269
939197
655883
1049632
971792
272509
1148904
1375415
1103127
1396755
1438980
1395
1358456
584576
527036
112504
826790
1234865
110853
1258451
1482447
907831
1211635
1385455
1332276
470005
85169
73454
915282
164999
1196713
430838
752781
130253
890318
757516
1145975
1283747
1385799
644065
1214785
1051033
1058734
1117365
1464749
896123
111236
595284
1205690
1252468
1247382
1262299
598873
295208
1140292
720598
296491
1408313
534740
694647
493601
1399919
1167571
242906
996146
383214
297067
789612
1211484
1418444
1157229
526644
513772
1398198
505556
375081
1151901
225698
1362323
1124923
438173
999747
783143
287489
1191928
335117
1219737
34473
865652
307766
324507
822866
1478562
1445925
1434535
1422064
970688
844270
384045
263446
1014921
398764
1226232
1214346
792941
1252494
1477891
147606
132416
180552
134958
279089
978900
615834
27020
1022732
215295
1327938
1014948
1335418
1434144
1431687
178982
461747
1100338
718584
1329861
855147
359014
534155
380026
588303
1412443
1081881
1420263
73596
1231899
721138
485842
648977
724516
1308139
574850
158474
966878
1155383
689075
338095
699998
26156
856220
511499
217296
811033
212262
21791
703927
1435319
722897
677440
750699
660930
684349
294460
558535
1372383
1309174
707751
937446
287953
374411
1462349
61118
1213286
1366773
1393609
491845
394913
380009
859850
484254
1398212
666898
481958
1466096
1341852
440851
1093780
149392
715163
173197
442394
297618
56438
1331366
546263
737259
744459
23949
641953
385764
341334
192546
1234817
943403
1345517
696216
321204
646956
228920
326908
933994
16117
797686
231987
121834
487088
1035188
581184
1354174
998872
1482684
758662
699930
193841
277900
732712
1120326
296535
981850
1295860
1275034
1067379
207132
198924
884326
110112
711581
1264365
527205
491224
1445273
920368
902189
831086
493727
686213
603410
1286592
1160321
1113583
1011519
943730
980130
783512
949842
409343
1347701
142371
1155655
1342984
265016
547360
135924
743355
11242
1441172
333851
782096
1268683
764270
1288077
728120
71846
1064491
1315095
887558
514892
100617
709899
498671
347470
108573
791186
635328
1338848
1104970
1167344
700852
1336299
1366494
717884
333413
995235
419055
1235243
555750
1283431
668274
1364376
159638
569578
985090
1089965
551013
1100376
49326
858082
412410
165322
1125158
479026
612660
1230569
581469
774803
1037426
1223702
770116
1118092
1178472
160181
1053706
19217
1479463
99216
644783
383031
700241
101446
397916
69117
1158921
729444
525364
1497376
1343072
477898
871324
1290018
1436228
196747
1013290
1195070
613498
420436
1097367
1319826
860775
83333
43771
481086
1334610
441564
31243
680532
730968
126477
957797
927589
1195213
221255
293886
973531
150909
801055
143069
213629
853814
197490
1133912
963228
388165
34220
344990
712535
679210
437099
370396
507171
460577
828911
862955
740168
656389
1476230
670760
1497355
990319
326107
412760
799433
1111477
1371987
1249353
748716
959219
709746
1489660
1418010
376754
862137
993402
702452
972216
1238325
1450147
497639
121405
866015
106398
1290991
619454
4173
1205093
475391
1431229
383955
989302
519645
34409
82847
1152637
267043
1496355
160141
1047246
554725
292657
124544
171361
1409413
1257029
1030017
91206
1247960
1439064
1115614
27014
1103793
625032
582540
1022312
1127717
34821
684052
1464231
727181
16555
487396
1270267
1026969
1103751
1140857
1023984
710237
265121
1476908
413222
498260
245022
1116033
638197
107664
805826
734168
858033
875915
487241
192111
1249913
501917
703575
1430694
131395
1264888
1096778
554721
1125069
1209548
533146
426349
1394176
1422894
817567
1311713
295479
1308895
537725
1073892
299528
1203722
1083774
51914
278755
958750
261755
125038
293475
78637
1332798
786604
169589
580215
315170
495164
615658
493140
5181
336899
775949
430962
939372
451778
1897
1286131
1046725
868895
1426252
310457
1470550
88027
802717
34538
177554
381724
644911
450722
480857
21375
230178
416670
594199
15964
1120518
864727
563492
327797
1158539
822739
958256
1424744
9535
1016637
55150
1156756
925748
202816
753368
1169109
1120764
25504
97811
12675
136266
379967
1473177
1196379
1096040
906340
103306
1358363
711698
8021
648818
1210368
801975
208222
815074
13246
696161
648302
59406
418392
456384
419147
237775
322057
197616
1179851
126412
1018239
290598
1363581
13947
1068274
141360
1282844
198104
350611
309156
1143859
912500
1309340
699301
327242
816660
232551
792519
555298
507308
808263
164542
1159748
199800
948878
301482
1173459
877522
955092
1306157
992901
1018830
784553
678368
1079677
1384060
1371963
1142575
918751
469967
149240
205801
1443409
936963
620218
27687
307459
1183970
1449674
1201287
811682
900852
461333
329817
580718
748587
502120
1297079
1224414
771149
1408072
1131912
1105887
1482694
14071
1262564
475875
835032
1489476
1236482
333260
114883
1319603
312287
83941
1492393
14534
258499
1168972
686967
1047297
1384962
855764
868564
590614
136711
311765
703167
231241
805467
478018
95605
209006
137906
423950
1422474
256951
1444251
1039881
295764
219374
977774
1056064
1311766
432740
1408299
359226
956954
970761
1407655
71581
245299
194661
1476179
687143
1085318
239965
1140883
770713
763339
38549
868137
691689
396683
544062
1116447
774884
249536
435668
997554
42501
583555
794139
509941
1113944
719210
1072117
1147932
774904
997010
1211496
1150962
375649
997345
1065161
616691
1178196
916254
929671
1148547
344324
611956
1132067
105585
135312
541964
193836
328541
446704
1479935
1151677
656476
891565
625141
1079303
827579
316237
870632
161953
1495151
380886
1072136
1374093
1147819
436525
1412599
451470
502777
985219
510135
246518
1103882
1026327
1021494
436703
1226684
755437
741387
98305
1436780
207858
1459681
175057
724462
219297
752156
1080973
332633
1132613
662220
1007439
1254985
228459
1483774
803522
1111719
40450
1198308
764582
434590
1263324
1111189
1155749
1112170
342997
376961
91252
1046205
1288449
41458
741364
523469
418663
943900
350454
1284988
1203487
813539
181005
761769
277857
136697
252284
1219979
1364095
1041907
1077138
460101
339488
231355
486602
1419131
1360871
532011
1191707
1466161
246941
221189
670907
711271
827751
84146
1108270
918760
559846
93517
90227
879987
870373
644524
919783
19237
621512
443833
1017867
1190615
826019
772175
597701
39722
917347
1299686
349031
1351174
803980
1098822
1163609
990095
655531
690273
825222
1469620
123608
947960
690866
901258
955935
1336356
868811
133863
105099
597260
414546
1232382
745906
1102663
694457
1390888
788176
134034
1370405
358507
222612
983952
561741
1466976
1279801
759777
1107472
634077
1099128
83590
565073
536768
168635
668196
186261
1416777
630358
1036665
1238886
584870
1478037
88470
1000356
639518
437113
463606
516404
965101
1263937
7293
906236
64354
963893
1470015
845603
1027927
120288
1066027
213345
726386
926656
512878
175121
175381
1034176
74054
30993
1148175
473758
422000
1226145
1491599
715076
448103
808422
943475
627825
1118972
154722
1359056
1167015
1244910
1481316
960891
579997
634711
46271
534303
1388129
1367308
856450
1261145
1240683
808622
68816
359376
985318
790345
972542
1096155
1153648
8137
666700
1405549
1210555
747759
1020122
280361
421246
1058894
148429
663142
280423
48812
209256
680481
1374316
1208550
687308
1127669
1024021
617068
949669
729591
1070209
256810
1224769
978887
980837
765400
456801
1431474
1185683
353551
923417
424776
1384683
859998
907231
299279
395757
987152
312142
1122015
1233289
105476
587842
835933
373255
604157
921969
634837
685065
1438828
538360
434022
761507
692964
1447660
173639
371072
1409557
1275806
895443
47238
1068954
665114
73393
1098122
708815
134502
242998
557805
767904
1046864
336756
625628
1292166
708909
533081
813649
1153762
1408229
811368
1131792
238705
293552
291022
307959
503529
235481
1234822
40784
1228027
35409
436792
1030709
59133
312754
1351058
881467
944290
1061954
241714
337590
719497
809199
1482240
598185
599465
843285
1084369
1282008
1488010
1403898
524523
1097479
22784
206347
1378254
283720
1115892
108298
318912
644694
363843
1482349
452601
1174986
777145
27518
1053863
970540
796009
75421
791637
1325975
1255382
549674
1131825
395494
1030088
123971
420378
81027
1188272
495584
524741
1299657
28673
402430
911839
632746
665231
3949
678766
169861
938694
1052696
320272
1004647
637725
279822
482624
105102
80518
1140728
928214
492266
1256480
624805
661672
750015
1015532
1033777
48781
908304
564251
338796
1011491
343624
621856
1093288
1297017
1066701
219778
2714
702543
625261
908437
1180321
924706
456571
1385191
270649
1379572
61433
887900
1294737
810098
170678
640917
528978
1070463
96705
484245
1342457
981263
1283574
752347
1231267
949348
1215255
1350637
535123
401371
15999
212418
835027
1059222
752186
343784
1006063
1002655
468609
719579
861577
706979
207054
271257
1216584
1198687
1087163
657594
1379304
438454
449554
799071
347490
828354
821240
597832
683708
586443
451180
455205
1386515
1373826
822340
1227874
25915
482348
680702
355555
1221620
180793
1031755
138829
940515
276137
128084
1314686
114626
91678
621659
863083
794133
569615
296111
227517
337547
596027
247481
1020548
1094834
200496
212336
906864
97644
1327889
1497185
1002199
110758
1029506
890077
62879
724865
1256128
1248796
532061
679481
1388869
909601
583747
641189
917627
1135828
760654
938957
301234
1314319
1267531
861860
715696
726572
673577
800685
394802
286358
319958
606573
233354
907498
286720
873901
1008716
1089089
526681
798858
950515
332481
1080555
891535
390768
132829
589929
755724
1431781
808375
1144603
1001752
1342381
568833
663796
1416565
208369
464821
705413
685292
486965
1408282
507213
367909
1252834
232563
970633
93063
1306487
159972
1126618
1167333
705825
219945
1240788
1045225
894379
19697
1368541
877590
608754
1313111
813326
381240
1357209
522250
1473147
1431428
1434781
600309
640656
292209
1223311
355806
1411026
1469061
1176538
25011
406213
1059974
526468
426661
740982
587809
154384
665861
516690
473946
302706
1339697
12071
195136
1302509
1441890
664065
817824
1371361
1053618
1142312
715947
1479793
859879
1401946
487206
339699
916782
952167
471049
1023161
943777
1459700
1167087
1128824
547549
245954
318554
757924
865987
529348
739075
622745
1096917
1457127
1187532
405572
805194
974925
520622
383108
1064308
1429765
1414488
539907
489676
571433
1087394
489498
769904
13507
750475
28467
721661
862978
1127159
790799
242831
258955
837393
1037679
604411
186642
89602
291957
291267
992243
623847
977427
646823
842870
1244782
957834
1386342
1129017
720544
856222
348626
1119260
101115
1002003
151425
946280
670590
314312
1157460
390842
609330
253367
806842
1132297
1473723
337439
389554
667303
1034595
691824
834999
758908
115916
507616
447977
1471157
557904
315156
636268
1088004
1036829
1240228
136921
1261205
747989
585560
31922
1401802
1044612
589492
691334
806032
944729
564357
588865
357928
144367
603420
1092767
1399374
638074
718777
759847
1343832
1467880
1233165
649330
772697
161160
1389891
28011
1251171
93017
926057
566743
402751
7900
332532
782510
1000257
1203380
401358
353622
91461
1205983
85356
626737
1473627
1104793
1487791
548881
311302
1158300
1007664
1070482
1043871
1142245
421937
1440015
706415
1211907
534485
450977
1036024
13930
1392102
433236
874346
1246257
654581
119820
1394018
1414817
1292402
719407
52303
542375
882479
666181
1150146
65744
1456672
342846
675606
1441902
625169
1471101
227599
909575
1103404
85135
1084664
1362451
1444662
339990
85611
1006559
1393321
105560
422004
543942
73543
794281
1476654
376553
174709
516594
1034018
662452
1358159
1314544
210396
1057621
55558
938657
1381396
1370943
357390
60115
933916
874115
1290847
112962
177522
163718
424742
1032312
1014128
633573
504586
596057
1365653
1474616
395478
921310
613042
459743
592435
731363
1230341
288544
587923
434718
83395
1241810
382614
69415
413464
690176
1494688
166515
123039
1266143
673927
190143
560480
537129
76558
80758
523439
425652
390197
853955
133304
323607
951475
1248285
951083
641213
89576
458422
1139507
120935
1313322
263491
734372
518513
1127942
553415
66966
878773
200453
960990
1234871
1418447
741087
959714
591142
1208328
169406
941343
909440
20583
636068
937220
45
4
3
23
1
16
66
17
15
34
33
38
996
172
927
224
824
520
675
17
641
334
243
3
580
386
646
965
32
259
653
705
126
171
239
488
420
174
757
729
120
110
285
402
107
902
638
276
583
189
357
704
455
551
12
184
943
395
197
418
390
515
178
863
717
411
121
28
843
633
506
61
251
42
78
532
308
745
367
549
694
684
725
856
430
817
838
659
684
333
437
889
679
128
720
101
291
191
893
12
818
109
336
25
747
409
124
58
48
352
680
822
302
411
287
130
40
633
245
626
842
586
824
591
373
230
650
549
108
850
814
20
960
56
186
82
360
716
520
901
731
795
528
778
415
127
928
832
123
615
888
554
335
218
817
119
198
337
141
96
745
488
674
460
1
285
385
255
103
724
857
329
712
250
868
806
463
658
198
357
459
311
22
410
753
721
723
189
78
601
279
370
286
942
173
337
421
314
299
188
34
972
52
251
985
814
576
32
241
759
854
337
118
290
18
477
528
896
742
224
288
86
977
873
618
7
915
943
161
269
195
426
582
813
719
773
225
698
414
85
419
206
660
568
189
571
778
267
664
367
316
310
28
372
808
585
255
959
154
492
937
230
585
885
210
709
893
942
74
755
739
138
811
262
4
346
689
421
433
644
255
229
61
59
390
770
901
164
775
245
693
154
599
286
508
328
116
446
161
953
563
628
523
414
28
87
980
87
865
238
808
566
156
167
401
565
850
891
88
684
855
63
501
627
531
342
22
362
114
336
0
772
988
495
758
842
660
326
282
89
756
88
196
816
447
398
376
66
345
426
578
296
737
256
562
148
333
842
636
193
46
562
119
534
971
541
156
524
37
515
905
135
188
722
719
6
752
216
156
809
678
969
435
182
864
849
993
377
192
490
887
822
619
238
525
285
112
17
146
327
578
837
378
918
283
801
14
614
772
986
601
704
611
521
375
973
513
468
734
140
23
587
23
53
602
878
3
742
758
354
267
293
860
546
125
648
880
414
128
995
542
835
572
223
268
974
760
479
925
355
482
988
827
237
416
885
823
538
481
580
681
227
694
943
288
474
726
683
85
709
512
783
84
532
706
381
762
912
988
659
10
6
497
95
217
608
339
794
333
930
857
296
909
842
965
688
872
310
167
11
14
14
975
926
530
712
168
988
470
855
466
632
222
17
943
553
762
969
332
729
187
98
153
878
780
1
751
158
760
269
905
423
689
318
65
436
213
552
702
590
673
21
736
968
401
338
947
102
606
582
271
948
942
791
765
680
759
768
452
505
182
537
611
864
0
530
856
134
481
343
180
169
943900
350454
1284988
1203487
813539
181005
761769
277857
136697
252284
1219979
1364095
1041907
1077138
460101
339488
231355
486602
1419131
1360871
532011
1191707
1466161
246941
221189
670907
711271
827751
84146
1108270
918760
90227
879987
870373
644524
919783
19237
621512
443833
1017867
1190615
826019
772175
597701
39722
917347
1299686
349031
1351174
803980
1098822
1163609
990095
655531
690273
825222
1469620
123608
947960
690866
901258
955935
1336356
868811
133863
105099
597260
414546
1232382
745906
1102663
694457
1390888
788176
134034
1370405
358507
222612
983952
561741
1466976
1279801
759777
1107472
634077
1099128
83590
565073
536768
168635
668196
186261
1416777
630358
1036665
1238886
584870
1478037
88470
1000356
639518
437113
463606
516404
965101
1263937
7293
906236
64354
963893
1470015
845603
1027927
120288
1066027
213345
726386
926656
512878
175121
175381
1034176
74054
30993
1148175
473758
422000
1226145
1491599
715076
448103
808422
943475
627825
1118972
154722
1359056
1167015
1244910
1481316
960891
579997
634711
46271
534303
1388129
1367308
856450
1261145
1240683
808622
68816
359376
985318
790345
972542
1096155
1153648
8137
666700
1405549
1210555
747759
1020122
280361
421246
1058894
148429
663142
280423
48812
209256
680481
1374316
1208550
687308
1127669
1024021
617068
949669
729591
1070209
256810
1224769
978887
980837
765400
456801
1431474
1185683
353551
923417
424776
1384683
859998
907231
299279
395757
987152
312142
1122015
1233289
105476
587842
835933
373255
604157
921969
634837
685065
1438828
538360
434022
761507
692964
1447660
173639
371072
1409557
1275806
895443
47238
1068954
665114
73393
1098122
708815
134502
242998
557805
767904
1046864
336756
625628
1292166
708909
533081
813649
1153762
1408229
811368
1131792
238705
293552
291022
307959
503529
235481
1234822
40784
1228027
35409
436792
1030709
59133
312754
1351058
881467
944290
1061954
241714
337590
719497
809199
1482240
598185
599465
843285
1084369
1282008
1488010
1403898
524523
1097479
22784
206347
1378254
283720
1115892
108298
318912
644694
363843
1482349
452601
777145
27518
1053863
970540
796009
75421
791637
1325975
1255382
549674
1131825
395494
1030088
123971
420378
81027
1188272
495584
524741
1299657
28673
402430
911839
632746
665231
3949
678766
169861
938694
1052696
320272
1004647
637725
279822
482624
105102
80518
1140728
928214
492266
1256480
624805
661672
750015
1015532
1033777
48781
908304
564251
338796
1011491
343624
621856
1093288
1297017
1066701
219778
2714
702543
